Included	a85	10.4632	-9.3054	0.0556	3.58	7.429	9.789	24.448
Included	a119	14.0649	-1.2489	0.0440	3.10	4.054	3.354	7.475
Included	a133	15.6736	-21.8806	0.0569	1.60	2.121	2.944	5.389
Included	ngc507	20.9106	33.2553	0.0165	5.25	2.112	0.247	0.326
Included	a262	28.1953	36.1528	0.0161	5.52	9.348	1.040	1.533
Included	a400	44.4152	6.0170	0.0240	9.38	2.778	0.686	1.033
Included	a399	44.4684	13.0462	0.0715	10.58	3.249	7.070	17.803
Included	a401	44.7384	13.5796	0.0748	10.19	5.281	12.553	34.073
Included	a3112	49.4912	-44.2367	0.0750	2.53	3.103	7.456	16.128
Included	fornax	54.6686	-35.3103	0.0046	1.45	9.020	0.082	0.107
Included	rxj0338.6+0958	54.6690	9.9713	0.0349	18.64	9.162	4.789	7.918
Included	iiizw54	55.3225	15.4076	0.0311	16.68	2.001	0.831	1.226
Included	a3158	55.7282	-53.6301	0.0590	1.06	3.794	5.638	12.779
Included	a478	63.3554	10.4661	0.0900	15.27	5.151	17.690	49.335
Included	ngc1550	64.9066	2.4151	0.0123	11.59	4.632	0.302	0.407
Included	exo0422	66.4637	-8.5581	0.0390	6.40	3.085	2.015	3.283
Included	a3266	67.8410	-61.4403	0.0594	1.48	5.807	8.718	23.663
Included	a496	68.4091	-13.2605	0.0328	5.68	8.326	3.837	7.306
Included	a3376	90.4835	-39.9741	0.0455	5.01	2.450	2.174	4.077
Included	a3391	96.5925	-53.6938	0.0531	5.42	2.225	2.681	5.857
Included	a3395s	96.6920	-54.5453	0.0498	8.49	2.009	2.131	4.471
Included	a576	110.3571	55.7639	0.0381	5.69	3.010	1.872	3.518
Included	a754	137.3338	-9.6797	0.0528	4.59	3.366	3.990	11.967
Included	hyda	139.5239	-12.0942	0.0538	4.86	4.776	5.930	11.520
Included	a1060	159.1784	-27.5212	0.0114	4.92	9.951	0.554	0.945
Included	a1367	176.1903	19.7030	0.0216	2.55	6.051	1.206	2.140
Included	mkw4	181.1124	1.8962	0.0200	1.86	2.268	0.390	0.543
Included	z1215	184.4220	3.6604	0.0750	1.64	2.183	5.240	11.656
Included	ngc4636	190.7084	2.6880	0.0037	1.75	4.085	0.023	0.027
Included	a3526	192.1995	-41.3087	0.0103	8.25	27.189	1.241	2.238
Included	a1644	194.2900	-17.4029	0.0474	5.33	4.030	3.876	7.882
Included	a1650	194.6712	-1.7572	0.0845	1.54	2.405	7.308	17.955
Included	a1651	194.8419	-4.1947	0.0860	1.71	2.539	8.000	18.692
Included	coma	194.9468	27.9388	0.0232	0.89	34.438	7.917	22.048
Included	ngc5044	198.8530	-16.3879	0.0090	4.91	5.514	0.193	0.246
Included	a1736	201.7238	-27.1765	0.0461	5.36	3.537	3.223	5.682
Included	a3558	201.9921	-31.5017	0.0480	3.63	6.720	6.615	14.600
Included	a3562	203.3984	-31.6678	0.0499	3.91	2.928	3.117	6.647
Included	a3571	206.8692	-32.8553	0.0397	3.93	12.089	8.132	20.310
Included	a1795	207.2201	26.5944	0.0616	1.20	6.270	10.124	27.106
Included	a3581	211.8852	-27.0153	0.0214	4.26	3.337	0.657	0.926
Included	mkw8	220.1596	3.4717	0.0270	2.60	2.525	0.789	1.355
Included	a2029	227.7331	5.7450	0.0767	3.07	6.938	17.313	50.583
Included	a2052	229.1846	7.0211	0.0348	2.90	4.713	2.449	4.061
Included	mkw3s	230.4643	7.7059	0.0450	3.15	3.299	2.865	5.180
Included	a2065	230.6096	27.7120	0.0721	2.84	2.505	5.560	12.271
Included	a2063	230.7734	8.6112	0.0354	2.92	4.232	2.272	4.099
Included	a2142	239.5824	27.2336	0.0899	4.05	6.241	21.345	64.760
Included	a2147	240.5628	15.9586	0.0351	3.29	5.522	2.919	6.067
Included	a2163	243.9433	-6.1436	0.2010	12.27	2.039	34.128	123.200
Included	a2199	247.1586	39.5477	0.0302	0.84	10.642	4.165	7.904
Included	a2204	248.1962	5.5733	0.1523	5.94	2.750	26.938	68.989
Included	a2244	255.6749	34.0578	0.0970	2.07	2.122	8.468	21.498
Included	a2256	255.9884	78.6481	0.0601	4.02	6.054	9.322	22.713
Included	a2255	258.1916	64.0640	0.0800	2.51	2.022	5.506	13.718
Included	a3667	303.1362	-56.8419	0.0560	4.59	7.201	9.624	24.233
Included	as1101	348.4941	-42.7268	0.0580	1.85	2.485	3.597	5.939
Included	a2589	350.9868	16.7753	0.0416	4.39	2.591	1.924	3.479
Included	a2597	351.3318	-12.1246	0.0852	2.50	2.213	6.882	13.526
Included	a2634	354.6201	27.0269	0.0312	5.17	2.415	1.008	1.822
Included	a2657	356.2334	9.1952	0.0404	5.27	2.535	1.771	3.202
Included	a4038	356.9322	-28.1415	0.0283	1.55	5.694	1.956	3.295
Included	a4059	359.2541	-34.7591	0.0460	1.10	3.170	2.872	5.645
Not included	a2734	2.8389	-28.8539	0.0620	1.84	1.434	2.365	4.357
Not included	a2877	17.4796	-45.9225	0.0241	2.10	1.626	0.405	0.714
Not included	ngc499	20.7971	33.4587	0.0147	5.25	0.479	0.045	0.051
Not included	awm7	43.6229	41.5781	0.0172	9.21	16.751	2.133	3.882
Not included	perseus	49.9455	41.5150	0.0183	15.69	113.731	16.286	40.310
Not included	as405	58.0078	-82.2315	0.0613	7.65	1.800	2.899	5.574
Not included	3c129	72.5602	45.0256	0.0223	67.89	10.566	2.242	4.996
Not included	a539	79.1560	6.4421	0.0288	12.06	3.182	1.135	1.935
Not included	as540	85.0265	-40.8431	0.0358	3.53	1.611	0.887	1.353
Not included	a548w	86.3785	-25.9340	0.0424	1.79	0.234	0.183	0.240
Not included	a548e	87.1596	-25.4692	0.0410	1.88	1.551	1.117	1.870
Not included	a3395n	96.9005	-54.4447	0.0498	5.42	1.555	1.650	3.461
Not included	ugc3957	115.2481	55.4319	0.0340	4.59	1.975	0.980	1.531
Not included	pks0745-191	116.8837	-19.2955	0.1028	43.49	6.155	27.565	70.604
Not included	a644	124.3553	-7.5159	0.0704	5.14	3.994	8.414	22.684
Not included	as636	157.5151	-35.3093	0.0116	6.42	5.869	0.341	0.446
Not included	a1413	178.8271	23.4051	0.1427	1.62	1.289	11.090	28.655
Not included	m49	187.4437	7.9956	0.0044	1.59	1.851	0.015	0.019
Not included	a3528n	193.5906	-29.0130	0.0540	6.10	1.263	1.581	2.752
Not included	a3528s	193.6708	-29.2254	0.0551	6.10	1.703	2.224	3.746
Not included	a3530	193.9211	-30.3451	0.0544	6.00	0.987	1.252	2.317
Not included	a3532	194.3375	-30.3698	0.0539	5.96	1.797	2.235	4.483
Not included	a1689	197.8726	-1.3408	0.1840	1.80	1.454	20.605	60.707
Not included	a3560	203.1119	-33.1355	0.0495	3.92	1.519	1.601	2.701
Not included	a1775	205.4582	26.3820	0.0757	1.00	1.290	3.175	5.735
Not included	a1800	207.3408	28.1038	0.0748	1.18	1.183	2.840	5.337
Not included	a1914	216.5035	37.8268	0.1712	0.97	1.454	17.813	56.533
Not included	ngc5813	225.2994	1.6981	0.0064	4.19	1.447	0.025	0.029
Not included	ngc5846	226.6253	1.6089	0.0061	4.25	0.851	0.014	0.016
Not included	a2151w	241.1465	17.7252	0.0369	3.36	1.568	0.917	1.397
Not included	a3627	243.5546	-60.8430	0.0163	20.83	31.084	3.524	8.179
Not included	tri	249.5758	-64.3557	0.0510	12.29	11.308	12.508	37.739
Not included	oph	258.1115	-23.3634	0.0280	20.14	35.749	11.953	37.391
Not included	z1742	266.0623	32.9893	0.0757	3.56	1.850	4.529	9.727
Not included	a2319	290.2980	43.9484	0.0564	8.77	12.202	16.508	47.286
Not included	a3695	308.6991	-35.8135	0.0890	3.56	1.739	5.882	12.715
Not included	iizw108	318.4752	2.5564	0.0494	6.63	1.884	1.969	3.445
Not included	a3822	328.5438	-57.8668	0.0760	2.12	1.926	4.758	9.877
Not included	a3827	330.4869	-59.9641	0.0980	2.84	1.955	7.963	20.188
Not included	a3888	338.6255	-37.7343	0.1510	1.20	1.096	10.512	30.183
Not included	a3921	342.5019	-64.4286	0.0936	2.80	1.308	4.882	11.023
Not included	hcg94	349.3041	18.7060	0.0417	4.55	1.775	1.324	2.319
Not included	rxj2344.2-0422	356.0723	-4.3776	0.0786	3.54	1.385	3.661	7.465
