00 56 15.39 -01 15 17.78    125.690098   -64.100879   3.17
11 55 17.99 +23 24 17.82    226.192273    76.782414   1.92
12 57 11.77 -17 24 33.68    304.889801    45.440502   5.20
12 59 22.19 -04 11 45.80    306.731619    58.617162   1.88
13 11 29.50 -01 20 29.02    313.354739    61.123877   1.81
13 26 54.24 -27 09 48.65    312.574250    35.043326   5.34
13 48 52.67 +26 35 30.73     33.804533    77.185020   1.17
14 26 01.07 +37 49 32.97     67.202158    67.458774   0.95
15 10 56.09 +05 44 40.94      6.473524    50.545506   3.15
15 23 05.32 +08 36 28.49     12.818496    49.684466   3.04
15 22 29.06 +27 42 34.33     42.839282    56.608631   3.03
15 58 20.10 +27 13 58.76     44.230170    48.688451   4.16
16 02 15.61 +15 57 53.77     28.892233    44.525562   3.35
16 15 46.52 -06 08 50.57      6.765366    30.465830  12.01
16 32 46.92 +05 34 31.40     21.089291    33.236653   5.69
17 02 42.52 +34 03 37.46     56.787164    36.313367   2.06
17 12 48.32 +64 03 56.71     93.936259    34.921339   2.53
17 03 59.39 +78 38 44.57    111.012111    31.751084   4.07
19 21 09.99 +43 57 18.82     75.696456    13.510418   8.47
23 44 56.53 +09 11 28.75     96.713339   -50.264616   5.57
00 11 21.62 -28 51 17.98     19.559892   -80.988814   1.84
03 17 57.63 -44 14 20.34    252.936203   -56.078934   2.53
03 42 52.59 -53 37 50.03    265.047547   -48.939624   1.39
06 01 57.31 -39 58 25.80    246.508958   -26.043703   4.98
06 26 20.78 -53 41 32.98    262.372947   -25.152862   5.48
13 47 28.58 -32 51 14.35    316.319193    28.556820   4.11
20 12 36.32 -56 50 40.74    340.845999   -33.404706   4.81
21 54 06.29 -57 51 41.06    335.585510   -46.448927   2.09
22 01 53.28 -59 56 45.99    332.230585   -46.376421   2.32
22 49 57.85 -64 25 44.13    321.952497   -47.966930   2.81
02 57 51.56 +13 02 32.43    164.328149   -39.459137  11.91
02 57 41.12 +06 01 20.03    170.265842   -44.935707   9.41
02 58 58.11 +13 34 34.32    164.189710   -38.870663  10.15
23 47 43.20 -28 08 38.30     25.128259   -75.861533   1.54
23 57 00.93 -34 45 34.44    356.373316   -76.078200   1.10
04 13 25.20 +10 27 53.90    182.433934   -28.288801  15.08
05 16 36.68 +06 26 34.63    195.708883   -17.721804  12.77
08 17 25.39 -07 30 48.38    229.932397    15.289994   6.54
09 09 21.08 -09 41 05.78    239.377177    24.829981   4.48
03 51 29.79 -82 13 21.26    296.417388   -32.474893   7.22
09 18 05.88 -12 05 43.17    242.925967    25.093655   4.84
03 41 17.51 +15 23 54.82    172.192549   -30.790750  16.17
15 21 51.71 +07 42 24.65     11.397158    49.451197   3.05
14 40 39.35 +03 28 03.08    355.489871    54.781436   2.72
07 47 31.26 -19 17 41.62    236.441601     3.028847  43.39
07 40 58.13 +55 25 38.25    162.224723    28.931151   4.63
12 17 41.93 +03 39 39.74    282.517074    65.186856   1.69
17 44 14.45 +32 59 29.02     57.911244    27.647888   3.66
